,I1_D0_Col0_4,I1_D5_Col0_3,I1_D5_Col0_4,I1_D5_Col0_5,I1_D5_mfec_1,I1_D5_mfec_2,I1_D5_mfec_3,I1_D5_mfec_4,I1_D5_mfec_5,I1_D6_Syncom_Col0_1,I1_D6_Syncom_Col0_2,I1_D6_Syncom_Col0_3,I1_D6_Syncom_Col0_4,I1_D6_Syncom_Col0_5,I1_D6_Syncom_fec_1,I1_D6_Syncom_fec_2,I1_D6_Syncom_fec_3,I1_D6_Syncom_fec_4,I1_D6_Syncom_fec_5,I1_D6_Syncom_mfec_1,I1_D6_Syncom_mfec_2,I1_D6_Syncom_mfec_3,I1_D6_Syncom_mfec_4,I1_D6_Syncom_mfec_5,I1_D6_Syncom_min7_1,I1_D6_Syncom_min7_2,I1_D6_Syncom_min7_3,I1_D6_Syncom_min7_4,I1_D6_Syncom_min7_5,I1_NS_D0_Col0_1,I1_NS_D0_Col0_2,I1_NS_D0_Col0_3,I1_NS_D0_Col0_4,I1_NS_D0_Col0_5,I1_NS_D0_mfec_1,I1_NS_D0_mfec_2,I1_NS_D0_mfec_3,I1_NS_D0_mfec_4,I1_NS_D0_mfec_5,I1_NS_D5_Col0_1,I1_NS_D5_Col0_2,I1_NS_D5_Col0_3,I1_NS_D5_Col0_4,I1_NS_D5_Col0_5,I1_NS_D5_mfec_1,I1_NS_D5_mfec_2,I1_NS_D5_mfec_3,I1_NS_D5_mfec_4,I1_NS_D5_mfec_5,I2_D0_Col0_2,I2_D0_mfec_4,I2_D0_mfec_5,I2_D5_Col0_1,I2_D5_Col0_2,I2_D5_Col0_3,I2_D5_Col0_4,I2_D5_Col0_5,I2_D5_mfec_1,I2_D5_mfec_2,I2_D5_mfec_3,I2_D5_mfec_4,I2_D5_mfec_5,I2_D6_Syncom_Col0_1,I2_D6_Syncom_Col0_2,I2_D6_Syncom_Col0_3,I2_D6_Syncom_Col0_4,I2_D6_Syncom_Col0_5,I2_D6_Syncom_fec_1,I2_D6_Syncom_fec_2,I2_D6_Syncom_fec_3,I2_D6_Syncom_fec_4,I2_D6_Syncom_fec_5,I2_D6_Syncom_mfec_1,I2_D6_Syncom_mfec_2,I2_D6_Syncom_mfec_3,I2_D6_Syncom_mfec_4,I2_D6_Syncom_mfec_5,I2_D6_Syncom_min7_1,I2_D6_Syncom_min7_2,I2_D6_Syncom_min7_3,I2_D6_Syncom_min7_4,I2_D6_Syncom_min7_5,I2_NS_D0_Col0_1,I2_NS_D0_Col0_4,I2_NS_D0_mfec_1,I2_NS_D0_mfec_2,I2_NS_D0_mfec_5,I2_NS_D5_Col0_1,I2_NS_D5_Col0_2,I2_NS_D5_Col0_3,I2_NS_D5_Col0_4,I2_NS_D5_Col0_5,I2_NS_D5_mfec_1,I2_NS_D5_mfec_2,I2_NS_D5_mfec_3,I2_NS_D5_mfec_4,I2_NS_D5_mfec_5,I3_D0_Col0_1,I3_D0_Col0_2,I3_D0_Col0_3,I3_D0_Col0_4,I3_D0_Col0_5,I3_D0_mfec_2,I3_D0_mfec_3,I3_D0_mfec_4,I3_D5_Col0_1,I3_D5_Col0_2,I3_D5_Col0_3,I3_D5_Col0_4,I3_D5_Col0_5,I3_D5_mfec_1,I3_D5_mfec_2,I3_D5_mfec_3,I3_D5_mfec_4,I3_D5_mfec_5,I3_D6_Syncom_Col0_1,I3_D6_Syncom_Col0_2,I3_D6_Syncom_Col0_3,I3_D6_Syncom_Col0_4,I3_D6_Syncom_Col0_5,I3_D6_Syncom_fec_2,I3_D6_Syncom_fec_3,I3_D6_Syncom_fec_4,I3_D6_Syncom_fec_5,I3_D6_Syncom_mfec_1,I3_D6_Syncom_mfec_2,I3_D6_Syncom_mfec_3,I3_D6_Syncom_mfec_4,I3_D6_Syncom_mfec_5,I3_D6_Syncom_min7_1,I3_D6_Syncom_min7_2,I3_D6_Syncom_min7_3,I3_D6_Syncom_min7_5,I3_NS_D0_Col0_2,I3_NS_D0_Col0_4,I3_NS_D0_mfec_1,I3_NS_D0_mfec_4,I3_NS_D5_Col0_1,I3_NS_D5_Col0_2,I3_NS_D5_Col0_3,I3_NS_D5_Col0_4,I3_NS_D5_Col0_5,I3_NS_D5_mfec_1,I3_NS_D5_mfec_2,I3_NS_D5_mfec_3,I3_NS_D5_mfec_4,I3_NS_D5_mfec_5,I4_D6_Syncom_Col0_1,I4_D6_Syncom_Col0_2,I4_D6_Syncom_Col0_3,I4_D6_Syncom_Col0_4,I4_D6_Syncom_Col0_5,I4_D6_Syncom_fec_1,I4_D6_Syncom_fec_2,I4_D6_Syncom_fec_3,I4_D6_Syncom_fec_4,I4_D6_Syncom_fec_5,I4_D6_Syncom_mfec_1,I4_D6_Syncom_mfec_2,I4_D6_Syncom_mfec_3,I4_D6_Syncom_mfec_4,I4_D6_Syncom_mfec_5,I4_D6_Syncom_min7_1,I4_D6_Syncom_min7_2,I4_D6_Syncom_min7_3,I4_D6_Syncom_min7_4,I4_D6_Syncom_min7_5,I4_NS_D0_Col0_1,I4_NS_D0_mfec_1,I4_NS_D5_Col0_1,I4_NS_D5_Col0_2,I4_NS_D5_Col0_3,I4_NS_D5_Col0_4,I4_NS_D5_Col0_5,I4_NS_D5_mfec_1,I4_NS_D5_mfec_2,I4_NS_D5_mfec_3,I4_NS_D5_mfec_4,I4_NS_D5_mfec_5,I5_D0_Col0_1,I5_D0_Col0_4,I5_D0_mfec_1,I5_D0_mfec_3,I5_D0_mfec_4,I5_D0_mfec_5,I5_D5_Col0_1,I5_D5_Col0_2,I5_D5_Col0_3,I5_D5_Col0_4,I5_D5_Col0_5,I5_D5_mfec_1,I5_D5_mfec_2,I5_D5_mfec_3,I5_D5_mfec_4,I5_D5_mfec_5,I5_D6_Syncom_Col0_1,I5_D6_Syncom_Col0_2,I5_D6_Syncom_Col0_3,I5_D6_Syncom_Col0_4,I5_D6_Syncom_Col0_5,I5_D6_Syncom_fec_1,I5_D6_Syncom_fec_2,I5_D6_Syncom_fec_3,I5_D6_Syncom_fec_4,I5_D6_Syncom_fec_5,I5_D6_Syncom_mfec_1,I5_D6_Syncom_mfec_2,I5_D6_Syncom_mfec_3,I5_D6_Syncom_mfec_4,I5_D6_Syncom_min7_1,I5_D6_Syncom_min7_2,I5_D6_Syncom_min7_3,I5_D6_Syncom_min7_4,I5_D6_Syncom_min7_5
I1_D0_Col0_4,0,0.922,0.847,0.892,0.874,0.929,0.872,0.538,0.697,0.884,0.881,0.856,0.859,0.861,0.88,0.881,0.89,0.883,0.882,0.88,0.842,0.874,0.889,0.88,0.857,0.85,0.866,0.922,0.844,0.815,0.712,0.621,0.744,0.837,0.776,0.857,0.783,0.736,0.796,0.971,0.988,0.987,0.928,0.991,0.993,0.974,0.984,0.968,0.982,0.837,0.868,0.831,0.849,0.824,0.827,0.699,0.814,0.565,0.484,0.477,0.37,0.592,0.888,0.915,0.891,0.909,0.893,0.857,0.862,0.873,0.879,0.875,0.883,0.92,0.874,0.933,0.924,0.861,0.876,0.882,0.883,0.886,0.873,0.951,0.988,0.971,0.988,0.995,0.996,0.999,0.993,0.994,0.998,0.993,0.998,0.994,0.971,0.84,0.843,0.761,0.757,0.725,0.568,0.793,0.819,0.938,0.874,0.942,0.947,0.869,0.567,0.536,0.828,0.885,0.814,0.873,0.844,0.873,0.886,0.862,0.852,0.865,0.832,0.871,0.868,0.894,0.882,0.9,0.931,0.854,0.947,0.854,0.92,0.804,0.836,0.952,0.882,0.909,0.953,0.908,0.924,0.928,0.936,0.884,0.914,0.884,0.913,0.864,0.835,0.883,0.884,0.858,0.885,0.849,0.896,0.898,0.873,0.903,0.88,0.895,0.906,0.886,0.88,0.862,0.871,0.854,0.853,0.816,0.738,0.915,0.922,0.916,0.93,0.921,0.905,0.919,0.912,0.915,0.917,0.807,0.863,0.917,0.906,0.697,0.903,0.936,0.924,0.916,0.916,0.922,0.886,0.946,0.96,0.945,0.898,0.829,0.761,0.844,0.834,0.837,0.854,0.837,0.855,0.854,0.847,0.854,0.87,0.872,0.896,0.843,0.83,0.858,0.863,0.866
I1_D5_Col0_3,0.922,0,0.335,0.459,0.941,0.967,0.847,0.95,0.939,0.735,0.763,0.883,0.789,0.801,0.816,0.911,0.744,0.837,0.884,0.956,0.944,0.947,0.962,0.959,0.803,0.793,0.866,0.522,0.84,0.952,0.934,0.905,0.926,0.952,0.957,0.949,0.908,0.866,0.908,0.887,0.907,0.894,0.88,0.896,0.896,0.884,0.901,0.889,0.883,0.904,0.984,0.9,0.892,0.713,0.598,0.668,0.682,0.986,0.956,0.975,0.972,0.993,0.939,0.942,0.935,0.939,0.942,0.936,0.936,0.94,0.886,0.92,0.947,0.961,0.94,0.969,0.959,0.928,0.884,0.931,0.904,0.922,0.799,0.869,0.882,0.882,0.907,0.871,0.874,0.893,0.828,0.859,0.864,0.88,0.888,0.882,0.88,0.977,0.979,0.903,0.961,0.971,0.958,0.707,0.924,0.669,0.637,0.63,0.606,0.631,0.991,0.953,0.969,0.947,0.675,0.896,0.868,0.93,0.732,0.933,0.804,0.886,0.759,0.8,0.948,0.964,0.949,0.951,0.969,0.771,0.784,0.688,0.862,0.891,0.943,0.958,0.899,0.871,0.89,0.871,0.855,0.837,0.884,0.867,0.885,0.874,0.868,0.896,0.902,0.779,0.899,0.906,0.932,0.91,0.909,0.923,0.894,0.95,0.95,0.95,0.969,0.941,0.86,0.823,0.936,0.842,0.877,0.855,0.826,0.949,0.961,0.947,0.946,0.95,0.933,0.957,0.944,0.954,0.958,0.94,0.968,0.971,0.969,0.937,0.904,0.675,0.607,0.704,0.696,0.74,0.906,0.966,0.979,0.934,0.978,0.764,0.936,0.869,0.891,0.882,0.853,0.884,0.869,0.875,0.912,0.95,0.95,0.95,0.952,0.942,0.883,0.859,0.88,0.881
I1_D5_Col0_4,0.847,0.335,0,0.462,0.848,0.862,0.805,0.844,0.834,0.619,0.673,0.745,0.668,0.654,0.721,0.784,0.645,0.732,0.745,0.801,0.804,0.794,0.82,0.805,0.714,0.705,0.755,0.57,0.713,0.974,0.805,0.81,0.856,0.968,0.865,0.955,0.839,0.878,0.813,0.94,0.954,0.941,0.933,0.945,0.942,0.942,0.95,0.953,0.942,0.776,0.983,0.888,0.868,0.712,0.613,0.627,0.673,0.948,0.942,0.942,0.933,0.966,0.838,0.902,0.843,0.866,0.846,0.816,0.804,0.797,0.789,0.81,0.849,0.863,0.838,0.868,0.869,0.822,0.78,0.817,0.894,0.818,0.855,0.927,0.879,0.878,0.916,0.862,0.86,0.871,0.863,0.865,0.859,0.868,0.865,0.859,0.873,0.974,0.97,0.938,0.982,0.926,0.872,0.725,0.919,0.723,0.666,0.682,0.684,0.668,0.939,0.881,0.975,0.959,0.694,0.746,0.728,0.789,0.689,0.789,0.673,0.742,0.638,0.656,0.846,0.827,0.83,0.848,0.867,0.634,0.769,0.552,0.817,0.858,0.944,0.961,0.957,0.929,0.932,0.924,0.922,0.89,0.938,0.934,0.939,0.931,0.923,0.763,0.769,0.717,0.8,0.772,0.803,0.806,0.797,0.806,0.776,0.864,0.857,0.87,0.84,0.854,0.749,0.7,0.791,0.713,0.741,0.883,0.817,0.931,0.939,0.927,0.933,0.93,0.933,0.941,0.933,0.95,0.94,0.937,0.956,0.982,0.948,0.905,0.889,0.7,0.652,0.693,0.722,0.762,0.919,0.984,0.998,0.953,0.995,0.634,0.855,0.724,0.752,0.746,0.721,0.753,0.741,0.749,0.778,0.827,0.843,0.847,0.845,0.801,0.751,0.733,0.744,0.743
I1_D5_Col0_5,0.892,0.459,0.462,0,0.931,0.948,0.901,0.945,0.925,0.709,0.743,0.831,0.76,0.749,0.768,0.868,0.69,0.804,0.848,0.92,0.909,0.907,0.925,0.921,0.768,0.755,0.821,0.568,0.802,0.98,0.918,0.891,0.943,0.982,0.94,0.973,0.924,0.937,0.919,0.937,0.963,0.948,0.94,0.956,0.971,0.968,0.98,0.962,0.949,0.893,0.988,0.939,0.904,0.83,0.78,0.763,0.749,0.959,0.94,0.948,0.949,0.977,0.881,0.918,0.884,0.896,0.924,0.88,0.882,0.891,0.842,0.865,0.927,0.943,0.917,0.956,0.945,0.865,0.867,0.87,0.865,0.881,0.885,0.939,0.909,0.893,0.928,0.904,0.909,0.907,0.909,0.913,0.915,0.901,0.915,0.908,0.91,0.978,0.977,0.933,0.98,0.944,0.932,0.767,0.938,0.872,0.842,0.84,0.804,0.815,0.964,0.921,0.971,0.967,0.803,0.861,0.822,0.893,0.706,0.901,0.769,0.843,0.716,0.752,0.923,0.926,0.914,0.922,0.952,0.748,0.77,0.648,0.814,0.906,0.934,0.967,0.923,0.958,0.96,0.947,0.941,0.925,0.955,0.955,0.973,0.952,0.958,0.857,0.848,0.757,0.866,0.866,0.906,0.884,0.848,0.889,0.861,0.936,0.929,0.942,0.931,0.927,0.821,0.793,0.903,0.802,0.836,0.92,0.898,0.928,0.931,0.914,0.925,0.924,0.927,0.935,0.919,0.939,0.926,0.939,0.975,0.98,0.975,0.932,0.931,0.754,0.681,0.801,0.772,0.796,0.943,0.972,0.986,0.955,0.982,0.732,0.92,0.8,0.847,0.857,0.8,0.864,0.845,0.86,0.885,0.918,0.92,0.924,0.922,0.911,0.864,0.826,0.837,0.852
I1_D5_mfec_1,0.874,0.941,0.848,0.931,0,0.602,0.554,0.776,0.57,0.828,0.855,0.585,0.744,0.617,0.84,0.586,0.783,0.823,0.594,0.599,0.557,0.597,0.6,0.597,0.83,0.85,0.75,0.932,0.604,0.982,0.785,0.875,0.755,0.985,0.794,0.996,0.616,0.776,0.802,1,0.999,1,0.989,1,0.999,0.999,0.998,0.984,0.992,0.584,0.989,0.982,0.917,0.907,0.846,0.836,0.894,0.969,0.868,0.961,0.937,0.975,0.819,0.904,0.785,0.869,0.818,0.57,0.58,0.591,0.747,0.581,0.574,0.594,0.537,0.607,0.595,0.554,0.736,0.586,0.774,0.58,0.919,0.983,1,0.984,0.999,1,1,1,1,1,0.999,1,1,1,1,0.98,0.968,0.949,0.906,0.941,0.878,0.941,0.982,0.979,0.946,0.992,0.978,0.932,0.974,0.972,0.856,0.9,0.891,0.627,0.551,0.588,0.888,0.583,0.598,0.581,0.684,0.681,0.533,0.598,0.585,0.588,0.603,0.575,0.955,0.736,0.933,0.908,0.917,0.978,0.966,0.987,0.993,0.99,0.968,0.983,0.984,0.922,0.995,0.967,0.992,0.644,0.565,0.896,0.825,0.588,0.597,0.595,0.635,0.784,0.747,0.578,0.46,0.437,0.602,0.26,0.64,0.749,0.592,0.718,0.597,0.881,0.683,0.996,1,0.996,0.995,1,0.982,0.994,0.989,0.991,0.994,0.876,0.99,0.756,0.982,0.933,0.987,0.966,0.95,0.886,0.774,0.806,0.487,0.581,0.426,0.425,0.976,0.707,0.576,0.667,0.557,0.553,0.642,0.562,0.579,0.657,0.572,0.527,0.502,0.504,0.585,0.522,0.549,0.718,0.759,0.583
I1_D5_mfec_2,0.929,0.967,0.862,0.948,0.602,0,0.232,0.795,0.266,0.836,0.866,0.472,0.76,0.626,0.864,0.259,0.803,0.834,0.399,0.151,0.337,0.152,0.16,0.103,0.871,0.893,0.776,0.977,0.657,0.987,0.809,0.89,0.758,0.988,0.805,0.995,0.623,0.909,0.801,0.999,0.998,0.998,0.997,0.998,0.998,0.998,0.998,0.998,0.998,0.273,1,1,0.981,0.985,0.949,0.963,0.952,0.985,0.973,0.99,0.99,0.991,0.839,0.919,0.803,0.884,0.843,0.504,0.368,0.357,0.765,0.577,0.184,0.026,0.49,0.089,0.029,0.513,0.762,0.365,0.924,0.595,0.953,0.982,0.998,0.983,0.997,0.998,0.998,1,0.998,0.998,0.998,0.998,1,0.998,0.998,0.994,0.988,1,1,0.99,0.897,0.969,1,0.998,0.992,0.998,0.999,0.998,0.991,0.99,0.996,0.997,0.992,0.632,0.577,0.335,0.924,0.357,0.624,0.474,0.732,0.682,0.256,0.206,0.38,0.07,0.01,0.573,0.958,0.754,0.931,0.918,0.956,0.98,0.987,0.998,0.998,0.998,0.998,0.999,0.998,0.998,0.998,0.998,0.998,0.657,0.566,0.906,0.835,0.406,0.524,0.675,0.642,0.79,0.758,0.048,0.277,0.249,0.054,0.832,0.655,0.759,0.343,0.731,0.614,0.925,0.747,0.999,0.999,0.999,0.999,0.999,0.999,0.999,0.999,0.999,0.999,0.956,1,1,1,0.951,0.999,0.999,0.999,0.999,0.999,0.999,0.999,0.999,1,0.999,1,0.756,0.584,0.691,0.601,0.589,0.666,0.511,0.585,0.682,0.437,0.381,0.257,0.244,0.255,0.275,0.505,0.73,0.776,0.553
I1_D5_mfec_3,0.872,0.847,0.805,0.901,0.554,0.232,0,0.79,0.237,0.82,0.847,0.45,0.737,0.609,0.832,0.236,0.775,0.815,0.386,0.227,0.291,0.224,0.227,0.225,0.825,0.847,0.742,0.937,0.611,0.954,0.762,0.863,0.719,0.959,0.794,0.961,0.563,0.78,0.71,0.874,0.881,0.878,0.869,0.877,0.884,0.882,0.886,0.876,0.87,0.262,0.995,0.995,0.921,0.923,0.896,0.883,0.881,0.97,0.921,0.962,0.933,0.978,0.811,0.904,0.778,0.868,0.81,0.466,0.34,0.34,0.739,0.55,0.201,0.229,0.444,0.242,0.231,0.467,0.728,0.344,0.883,0.567,0.799,0.864,0.949,0.913,0.994,0.921,0.935,0.938,0.896,0.909,0.913,0.934,0.936,0.933,0.927,0.989,0.981,0.962,0.953,0.94,0.883,0.926,0.969,0.973,0.905,0.958,0.955,0.907,0.976,0.963,0.947,0.949,0.92,0.619,0.531,0.315,0.888,0.332,0.591,0.448,0.686,0.674,0.21,0.226,0.357,0.215,0.238,0.54,0.955,0.728,0.925,0.852,0.916,0.972,0.921,0.883,0.884,0.882,0.861,0.845,0.878,0.855,0.889,0.859,0.882,0.636,0.523,0.888,0.817,0.386,0.513,0.629,0.627,0.776,0.739,0.212,0.231,0.209,0.229,0.789,0.632,0.741,0.328,0.71,0.59,0.831,0.609,0.992,0.992,0.987,0.99,0.989,0.977,0.99,0.974,0.984,0.987,0.915,0.934,0.955,0.934,0.918,0.933,0.955,0.951,0.948,0.948,0.949,0.947,0.953,0.959,0.952,0.974,0.71,0.556,0.659,0.555,0.543,0.634,0.465,0.556,0.649,0.401,0.335,0.211,0.198,0.232,0.229,0.459,0.71,0.751,0.529
I1_D5_mfec_4,0.538,0.95,0.844,0.945,0.776,0.795,0.79,0,0.575,0.84,0.869,0.795,0.795,0.795,0.865,0.795,0.806,0.835,0.795,0.795,0.795,0.793,0.795,0.794,0.875,0.896,0.795,0.977,0.795,0.986,0.812,0.762,0.792,0.986,0.805,0.983,0.793,0.906,0.798,0.992,0.992,0.992,0.984,0.995,0.985,0.981,0.988,0.989,0.988,0.717,0.98,0.972,0.902,0.921,0.902,0.759,0.881,0.291,0.286,0.4,0.378,0.291,0.843,0.919,0.807,0.887,0.847,0.794,0.795,0.795,0.795,0.795,0.796,0.796,0.795,0.798,0.797,0.795,0.795,0.795,0.926,0.795,0.95,0.978,0.988,0.977,0.977,0.964,0.933,0.965,0.933,0.933,0.933,0.933,0.933,0.933,0.933,0.977,0.962,0.947,0.932,0.936,0.69,0.866,0.952,0.988,0.917,0.98,0.965,0.9,0.296,0.249,0.945,0.943,0.878,0.794,0.795,0.795,0.924,0.794,0.795,0.795,0.792,0.794,0.795,0.796,0.795,0.796,0.796,0.795,0.955,0.795,0.935,0.859,0.899,0.98,0.923,0.969,0.997,0.985,0.987,0.991,0.982,0.958,0.989,0.985,0.986,0.795,0.794,0.908,0.839,0.794,0.794,0.794,0.794,0.795,0.795,0.796,0.796,0.797,0.796,0.836,0.795,0.795,0.795,0.793,0.795,0.917,0.791,0.943,0.953,0.944,0.942,0.933,0.935,0.947,0.936,0.933,0.933,0.946,0.987,0.96,0.928,0.742,0.981,0.921,0.954,0.911,0.915,0.917,0.936,0.936,0.981,0.978,0.994,0.795,0.792,0.795,0.795,0.795,0.794,0.794,0.795,0.794,0.794,0.796,0.796,0.796,0.796,0.795,0.794,0.792,0.795,0.795
I1_D5_mfec_5,0.697,0.939,0.834,0.925,0.57,0.266,0.237,0.575,0,0.822,0.849,0.455,0.743,0.611,0.847,0.25,0.786,0.817,0.389,0.261,0.32,0.258,0.261,0.259,0.854,0.875,0.759,0.964,0.64,0.973,0.785,0.748,0.747,0.977,0.794,0.983,0.604,0.888,0.791,0.987,0.983,0.982,0.969,0.983,0.978,0.981,0.979,0.973,0.976,0.208,0.984,0.977,0.913,0.911,0.895,0.793,0.878,0.765,0.74,0.757,0.758,0.771,0.822,0.906,0.786,0.871,0.826,0.487,0.351,0.342,0.748,0.56,0.25,0.261,0.473,0.274,0.263,0.496,0.745,0.348,0.91,0.578,0.934,0.972,0.991,0.972,0.992,0.987,0.987,0.995,0.987,0.987,0.987,0.994,0.995,0.993,0.988,0.98,0.962,0.937,0.922,0.938,0.681,0.861,0.955,0.985,0.967,0.99,0.974,0.951,0.77,0.768,0.933,0.958,0.928,0.621,0.56,0.318,0.911,0.34,0.607,0.457,0.715,0.676,0.25,0.26,0.363,0.25,0.27,0.556,0.955,0.737,0.924,0.889,0.943,0.972,0.962,0.974,0.984,0.977,0.974,0.974,0.977,0.974,0.985,0.974,0.979,0.64,0.549,0.89,0.819,0.388,0.515,0.658,0.629,0.778,0.741,0.254,0.26,0.26,0.263,0.816,0.638,0.743,0.33,0.714,0.597,0.9,0.728,0.993,0.995,0.995,0.99,0.995,0.982,0.99,0.984,0.986,0.989,0.938,0.99,0.947,0.928,0.745,0.987,0.973,0.976,0.963,0.961,0.966,0.98,0.981,0.987,0.986,0.987,0.739,0.571,0.667,0.584,0.572,0.649,0.494,0.568,0.665,0.42,0.364,0.25,0.25,0.25,0.258,0.488,0.713,0.759,0.536
I1_D6_Syncom_Col0_1,0.884,0.735,0.619,0.709,0.828,0.836,0.82,0.84,0.822,0,0.25,0.495,0.251,0.317,0.338,0.686,0.283,0.339,0.563,0.753,0.737,0.743,0.759,0.773,0.29,0.281,0.45,0.414,0.404,0.975,0.791,0.847,0.829,0.976,0.805,0.987,0.811,0.856,0.79,0.983,0.985,0.98,0.961,0.986,0.984,0.98,0.991,0.972,0.977,0.814,0.994,0.938,0.916,0.844,0.79,0.811,0.778,0.969,0.95,0.961,0.95,0.984,0.639,0.729,0.637,0.721,0.687,0.633,0.638,0.623,0.454,0.589,0.734,0.82,0.698,0.825,0.824,0.63,0.526,0.649,0.745,0.614,0.904,0.963,0.959,0.949,0.96,0.943,0.959,0.961,0.962,0.961,0.944,0.953,0.966,0.957,0.966,0.982,0.981,0.934,0.987,0.962,0.884,0.807,0.982,0.91,0.865,0.895,0.883,0.886,0.968,0.954,0.986,0.981,0.898,0.54,0.539,0.706,0.455,0.734,0.395,0.577,0.332,0.416,0.787,0.793,0.782,0.794,0.833,0.425,0.507,0.36,0.519,0.854,0.918,0.948,0.957,0.917,0.936,0.895,0.916,0.914,0.923,0.926,0.938,0.916,0.915,0.519,0.54,0.404,0.442,0.588,0.684,0.578,0.54,0.648,0.583,0.814,0.785,0.807,0.801,0.765,0.538,0.503,0.658,0.474,0.575,0.887,0.799,0.966,0.951,0.944,0.947,0.961,0.957,0.954,0.937,0.946,0.93,0.909,0.996,0.99,0.997,0.951,0.958,0.774,0.77,0.867,0.796,0.838,0.969,0.985,0.989,0.975,0.986,0.402,0.757,0.446,0.523,0.484,0.473,0.6,0.498,0.54,0.63,0.731,0.777,0.763,0.737,0.734,0.563,0.469,0.504,0.497
I1_D6_Syncom_Col0_2,0.881,0.763,0.673,0.743,0.855,0.866,0.847,0.869,0.849,0.25,0,0.544,0.306,0.394,0.41,0.721,0.432,0.362,0.585,0.783,0.748,0.773,0.789,0.804,0.364,0.321,0.535,0.514,0.474,0.975,0.822,0.85,0.863,0.98,0.844,0.982,0.844,0.858,0.822,0.981,0.981,0.981,0.961,0.982,0.984,0.979,0.992,0.967,0.974,0.835,0.995,0.956,0.912,0.852,0.834,0.822,0.769,0.969,0.947,0.958,0.947,0.984,0.695,0.763,0.713,0.765,0.757,0.712,0.716,0.704,0.52,0.682,0.783,0.849,0.736,0.855,0.853,0.695,0.608,0.723,0.783,0.694,0.899,0.964,0.947,0.937,0.945,0.932,0.948,0.95,0.951,0.948,0.94,0.941,0.955,0.946,0.952,0.985,0.984,0.905,0.984,0.962,0.887,0.79,0.977,0.894,0.852,0.872,0.89,0.88,0.967,0.954,0.981,0.978,0.889,0.588,0.591,0.73,0.524,0.761,0.467,0.609,0.429,0.501,0.813,0.823,0.809,0.82,0.863,0.486,0.486,0.457,0.467,0.86,0.92,0.95,0.946,0.925,0.942,0.907,0.915,0.913,0.932,0.92,0.949,0.919,0.926,0.573,0.606,0.453,0.485,0.648,0.709,0.649,0.586,0.677,0.629,0.84,0.818,0.835,0.831,0.792,0.57,0.536,0.702,0.507,0.612,0.863,0.825,0.956,0.95,0.939,0.941,0.951,0.946,0.948,0.945,0.953,0.937,0.906,0.999,0.987,1,0.95,0.974,0.777,0.81,0.865,0.823,0.834,0.965,0.982,0.986,0.972,0.983,0.448,0.788,0.498,0.572,0.533,0.497,0.625,0.541,0.589,0.66,0.776,0.804,0.79,0.782,0.762,0.596,0.486,0.521,0.517
I1_D6_Syncom_Col0_3,0.856,0.883,0.745,0.831,0.585,0.472,0.45,0.795,0.455,0.495,0.544,0,0.376,0.235,0.548,0.314,0.474,0.511,0.242,0.35,0.331,0.33,0.372,0.375,0.546,0.529,0.429,0.771,0.318,0.978,0.708,0.85,0.754,0.982,0.789,0.992,0.601,0.854,0.757,0.963,0.979,0.963,0.95,0.981,0.983,0.978,0.989,0.962,0.967,0.443,0.997,0.989,0.919,0.904,0.861,0.852,0.815,0.967,0.944,0.949,0.926,0.984,0.639,0.757,0.587,0.714,0.71,0.274,0.253,0.239,0.436,0.337,0.353,0.452,0.355,0.455,0.455,0.317,0.517,0.299,0.766,0.423,0.901,0.951,0.94,0.931,0.94,0.928,0.939,0.94,0.942,0.941,0.938,0.937,0.946,0.934,0.947,0.987,0.984,0.956,0.984,0.933,0.887,0.896,0.995,0.951,0.923,0.944,0.943,0.916,0.956,0.917,0.979,0.975,0.938,0.328,0.241,0.274,0.693,0.303,0.328,0.246,0.434,0.395,0.405,0.407,0.394,0.417,0.468,0.328,0.777,0.491,0.718,0.853,0.914,0.954,0.934,0.94,0.954,0.915,0.925,0.92,0.93,0.928,0.956,0.932,0.936,0.353,0.256,0.626,0.605,0.211,0.373,0.441,0.351,0.627,0.537,0.439,0.412,0.43,0.422,0.748,0.395,0.483,0.237,0.45,0.346,0.883,0.711,0.951,0.949,0.943,0.941,0.952,0.934,0.951,0.943,0.949,0.936,0.933,1,0.984,1,0.951,0.992,0.844,0.912,0.898,0.921,0.922,0.964,0.979,0.983,0.969,0.981,0.452,0.5,0.313,0.257,0.244,0.343,0.247,0.261,0.383,0.202,0.334,0.401,0.385,0.351,0.309,0.203,0.437,0.484,0.242
I1_D6_Syncom_Col0_4,0.859,0.789,0.668,0.76,0.744,0.76,0.737,0.795,0.743,0.251,0.306,0.376,0,0.234,0.394,0.597,0.279,0.34,0.458,0.648,0.618,0.642,0.662,0.674,0.398,0.314,0.332,0.58,0.259,0.974,0.735,0.849,0.757,0.98,0.785,0.996,0.737,0.852,0.757,0.975,0.979,0.974,0.954,0.984,0.983,0.978,0.99,0.963,0.97,0.731,0.997,0.95,0.907,0.85,0.811,0.807,0.773,0.967,0.943,0.949,0.925,0.983,0.571,0.673,0.542,0.654,0.688,0.493,0.547,0.509,0.321,0.474,0.636,0.743,0.627,0.746,0.746,0.561,0.464,0.566,0.757,0.557,0.901,0.956,0.964,0.952,0.964,0.946,0.961,0.962,0.964,0.964,0.957,0.955,0.968,0.958,0.971,0.988,0.986,0.928,0.979,0.934,0.887,0.81,0.974,0.915,0.87,0.902,0.895,0.891,0.956,0.93,0.979,0.975,0.902,0.413,0.434,0.607,0.543,0.626,0.355,0.492,0.323,0.392,0.699,0.699,0.685,0.709,0.757,0.386,0.57,0.356,0.575,0.846,0.912,0.95,0.944,0.927,0.951,0.904,0.923,0.913,0.923,0.925,0.951,0.917,0.93,0.425,0.449,0.48,0.477,0.485,0.593,0.466,0.4,0.596,0.503,0.73,0.7,0.719,0.714,0.749,0.442,0.426,0.506,0.366,0.459,0.886,0.725,0.959,0.953,0.947,0.94,0.958,0.94,0.952,0.943,0.948,0.939,0.905,1,0.983,1,0.951,0.972,0.767,0.824,0.865,0.827,0.844,0.962,0.978,0.982,0.968,0.979,0.332,0.682,0.319,0.359,0.328,0.365,0.491,0.321,0.389,0.533,0.625,0.691,0.676,0.591,0.628,0.453,0.362,0.421,0.375
I1_D6_Syncom_Col0_5,0.861,0.801,0.654,0.749,0.617,0.626,0.609,0.795,0.611,0.317,0.394,0.235,0.234,0,0.406,0.461,0.32,0.407,0.339,0.506,0.499,0.5,0.53,0.532,0.405,0.375,0.396,0.625,0.21,0.977,0.733,0.85,0.754,0.981,0.789,0.994,0.603,0.859,0.757,0.966,0.98,0.966,0.953,0.984,0.984,0.979,0.991,0.969,0.971,0.598,0.997,0.986,0.92,0.895,0.874,0.849,0.814,0.967,0.948,0.951,0.93,0.984,0.639,0.753,0.591,0.712,0.722,0.402,0.429,0.389,0.398,0.38,0.515,0.61,0.509,0.613,0.614,0.449,0.511,0.465,0.78,0.462,0.908,0.953,0.95,0.938,0.95,0.936,0.948,0.949,0.95,0.949,0.947,0.945,0.954,0.942,0.957,0.988,0.986,0.952,0.987,0.937,0.887,0.854,0.991,0.957,0.912,0.943,0.94,0.936,0.956,0.925,0.986,0.981,0.947,0.312,0.292,0.467,0.573,0.491,0.223,0.362,0.303,0.282,0.574,0.567,0.558,0.581,0.623,0.25,0.609,0.352,0.593,0.854,0.923,0.956,0.941,0.941,0.955,0.918,0.934,0.926,0.936,0.934,0.956,0.942,0.938,0.357,0.327,0.503,0.569,0.388,0.483,0.431,0.325,0.621,0.542,0.603,0.581,0.598,0.581,0.758,0.382,0.43,0.406,0.376,0.367,0.888,0.715,0.949,0.947,0.941,0.939,0.952,0.939,0.952,0.943,0.948,0.935,0.915,0.999,0.989,1,0.951,0.991,0.799,0.808,0.888,0.841,0.867,0.968,0.984,0.988,0.974,0.985,0.35,0.553,0.28,0.266,0.233,0.315,0.374,0.271,0.343,0.386,0.498,0.564,0.55,0.497,0.499,0.338,0.391,0.471,0.305
I1_D6_Syncom_fec_1,0.88,0.816,0.721,0.768,0.84,0.864,0.832,0.865,0.847,0.338,0.41,0.548,0.394,0.406,0,0.729,0.377,0.371,0.597,0.79,0.68,0.778,0.743,0.811,0.336,0.354,0.426,0.608,0.458,0.974,0.738,0.846,0.857,0.977,0.831,0.992,0.837,0.858,0.817,0.948,0.981,0.963,0.951,0.981,0.983,0.978,0.99,0.963,0.967,0.847,0.992,0.989,0.909,0.883,0.818,0.86,0.825,0.975,0.936,0.964,0.94,0.984,0.636,0.734,0.6,0.69,0.727,0.58,0.644,0.657,0.458,0.547,0.78,0.846,0.677,0.785,0.85,0.562,0.511,0.622,0.623,0.593,0.89,0.95,0.942,0.849,0.94,0.85,0.884,0.92,0.879,0.898,0.915,0.925,0.935,0.88,0.88,0.989,0.981,0.941,0.969,0.95,0.882,0.857,0.995,0.951,0.897,0.947,0.935,0.921,0.974,0.972,0.971,0.966,0.924,0.637,0.522,0.706,0.528,0.765,0.465,0.602,0.412,0.446,0.727,0.756,0.738,0.808,0.861,0.475,0.584,0.474,0.554,0.856,0.899,0.95,0.897,0.897,0.934,0.881,0.896,0.876,0.912,0.902,0.941,0.897,0.918,0.468,0.482,0.471,0.509,0.593,0.674,0.619,0.545,0.676,0.604,0.828,0.731,0.78,0.825,0.706,0.551,0.517,0.724,0.495,0.57,0.872,0.812,0.946,0.825,0.906,0.909,0.93,0.934,0.923,0.869,0.889,0.864,0.892,0.996,0.974,1,0.947,0.99,0.822,0.812,0.885,0.844,0.864,0.955,0.969,0.973,0.959,0.972,0.497,0.772,0.46,0.563,0.511,0.472,0.569,0.595,0.6,0.641,0.713,0.724,0.723,0.756,0.749,0.587,0.474,0.514,0.53
I1_D6_Syncom_fec_2,0.881,0.911,0.784,0.868,0.586,0.259,0.236,0.795,0.25,0.686,0.721,0.314,0.597,0.461,0.729,0,0.64,0.691,0.237,0.195,0.263,0.17,0.205,0.193,0.735,0.743,0.626,0.86,0.506,0.978,0.762,0.855,0.754,0.985,0.793,0.996,0.609,0.89,0.785,0.987,0.987,0.987,0.974,0.987,0.992,0.987,0.992,0.974,0.979,0.251,0.997,1,0.948,0.953,0.895,0.877,0.891,0.967,0.947,0.95,0.94,0.984,0.777,0.866,0.736,0.833,0.798,0.419,0.277,0.268,0.63,0.468,0.221,0.246,0.444,0.26,0.25,0.424,0.651,0.274,0.855,0.492,0.929,0.969,0.985,0.969,0.985,0.973,0.982,0.979,0.986,0.985,0.984,0.982,0.985,0.985,0.986,0.994,0.985,0.974,0.987,0.946,0.887,0.915,1,0.974,0.96,0.977,0.964,0.967,0.957,0.954,0.984,0.983,0.965,0.5,0.441,0.243,0.815,0.271,0.474,0.343,0.581,0.548,0.222,0.213,0.324,0.225,0.258,0.438,0.858,0.616,0.833,0.864,0.931,0.965,0.959,0.967,0.975,0.962,0.957,0.954,0.962,0.96,0.977,0.963,0.968,0.519,0.441,0.772,0.715,0.288,0.441,0.581,0.516,0.706,0.639,0.241,0.249,0.248,0.23,0.791,0.525,0.615,0.259,0.587,0.496,0.895,0.72,0.973,0.977,0.965,0.974,0.981,0.963,0.979,0.969,0.975,0.969,0.937,1,0.987,1,0.951,1,0.928,0.932,0.932,0.942,0.941,0.972,0.985,0.986,0.977,0.983,0.61,0.529,0.551,0.459,0.441,0.517,0.385,0.442,0.551,0.327,0.32,0.221,0.226,0.222,0.202,0.369,0.587,0.634,0.398
I1_D6_Syncom_fec_3,0.89,0.744,0.645,0.69,0.783,0.803,0.775,0.806,0.786,0.283,0.432,0.474,0.279,0.32,0.377,0.64,0,0.384,0.538,0.734,0.71,0.714,0.733,0.748,0.387,0.362,0.337,0.545,0.318,0.977,0.763,0.849,0.799,0.983,0.78,0.995,0.782,0.847,0.759,0.95,0.98,0.964,0.953,0.982,0.984,0.979,0.99,0.964,0.967,0.791,0.996,0.996,0.926,0.905,0.83,0.865,0.817,0.974,0.94,0.962,0.947,0.984,0.513,0.631,0.468,0.593,0.68,0.524,0.586,0.551,0.346,0.477,0.676,0.787,0.68,0.794,0.791,0.567,0.51,0.589,0.706,0.563,0.894,0.953,0.957,0.921,0.957,0.914,0.931,0.931,0.935,0.934,0.931,0.936,0.946,0.934,0.94,0.991,0.984,0.96,0.977,0.957,0.886,0.868,0.997,0.956,0.925,0.952,0.943,0.929,0.973,0.973,0.975,0.97,0.936,0.497,0.512,0.687,0.441,0.698,0.394,0.575,0.32,0.428,0.744,0.767,0.749,0.76,0.8,0.434,0.556,0.35,0.591,0.865,0.906,0.96,0.907,0.937,0.948,0.919,0.917,0.912,0.922,0.916,0.95,0.924,0.936,0.518,0.508,0.497,0.549,0.565,0.693,0.544,0.425,0.645,0.597,0.769,0.75,0.767,0.775,0.753,0.535,0.516,0.6,0.514,0.574,0.883,0.762,0.949,0.917,0.912,0.914,0.927,0.933,0.928,0.912,0.917,0.908,0.925,0.999,0.978,1,0.95,0.999,0.808,0.769,0.89,0.847,0.869,0.961,0.976,0.977,0.966,0.974,0.424,0.721,0.42,0.418,0.46,0.441,0.588,0.388,0.473,0.617,0.689,0.739,0.721,0.612,0.704,0.553,0.472,0.505,0.505
I1_D6_Syncom_fec_4,0.883,0.837,0.732,0.804,0.823,0.834,0.815,0.835,0.817,0.339,0.362,0.511,0.34,0.407,0.371,0.691,0.384,0,0.555,0.754,0.687,0.741,0.725,0.774,0.335,0.312,0.324,0.642,0.431,0.972,0.753,0.845,0.827,0.981,0.816,0.992,0.807,0.853,0.787,0.984,0.984,0.983,0.963,0.984,0.987,0.982,0.993,0.968,0.975,0.813,0.992,0.986,0.917,0.893,0.831,0.86,0.82,0.969,0.947,0.958,0.947,0.983,0.576,0.708,0.533,0.665,0.698,0.544,0.558,0.587,0.42,0.552,0.744,0.818,0.633,0.79,0.821,0.576,0.491,0.613,0.683,0.584,0.906,0.965,0.9,0.808,0.889,0.809,0.821,0.822,0.823,0.866,0.918,0.817,0.853,0.866,0.83,0.987,0.982,0.949,0.981,0.958,0.883,0.853,0.989,0.951,0.915,0.946,0.942,0.931,0.968,0.961,0.984,0.977,0.945,0.561,0.501,0.673,0.407,0.729,0.386,0.494,0.383,0.484,0.748,0.758,0.744,0.778,0.831,0.532,0.596,0.462,0.432,0.858,0.914,0.949,0.957,0.943,0.96,0.92,0.934,0.933,0.943,0.937,0.961,0.932,0.941,0.397,0.5,0.514,0.472,0.53,0.637,0.588,0.545,0.648,0.57,0.809,0.755,0.773,0.789,0.727,0.544,0.496,0.667,0.504,0.57,0.886,0.798,0.962,0.961,0.955,0.956,0.966,0.95,0.966,0.956,0.962,0.948,0.919,0.996,0.987,0.999,0.948,0.99,0.83,0.85,0.91,0.878,0.881,0.966,0.982,0.986,0.971,0.983,0.463,0.754,0.428,0.551,0.504,0.447,0.566,0.504,0.558,0.538,0.708,0.739,0.725,0.715,0.735,0.56,0.422,0.447,0.491
I1_D6_Syncom_fec_5,0.882,0.884,0.745,0.848,0.594,0.399,0.386,0.795,0.389,0.563,0.585,0.242,0.458,0.339,0.597,0.237,0.538,0.555,0,0.323,0.215,0.287,0.319,0.318,0.63,0.557,0.537,0.784,0.385,0.983,0.737,0.849,0.754,0.985,0.795,0.996,0.608,0.902,0.781,0.991,0.993,0.992,0.978,0.994,0.987,0.988,0.992,0.984,0.986,0.377,0.997,1,0.939,0.947,0.897,0.881,0.898,0.966,0.954,0.958,0.939,0.983,0.735,0.773,0.702,0.811,0.777,0.382,0.273,0.281,0.556,0.454,0.356,0.387,0.405,0.38,0.391,0.371,0.561,0.287,0.819,0.467,0.944,0.974,0.987,0.971,0.987,0.969,0.98,0.979,0.985,0.983,0.979,0.98,0.987,0.982,0.988,0.994,0.986,0.976,0.994,0.944,0.887,0.889,1,0.978,0.96,0.961,0.972,0.983,0.962,0.944,0.991,0.99,0.978,0.436,0.351,0.254,0.726,0.304,0.372,0.251,0.467,0.395,0.346,0.331,0.327,0.349,0.395,0.338,0.759,0.514,0.732,0.867,0.934,0.954,0.973,0.955,0.966,0.939,0.96,0.957,0.965,0.963,0.968,0.948,0.955,0.396,0.371,0.624,0.609,0.225,0.345,0.466,0.403,0.592,0.538,0.378,0.344,0.361,0.345,0.756,0.409,0.468,0.248,0.44,0.383,0.907,0.729,0.977,0.975,0.966,0.97,0.981,0.973,0.976,0.971,0.976,0.962,0.939,1,0.994,1,0.951,1,0.903,0.901,0.939,0.914,0.92,0.981,0.992,0.993,0.984,0.99,0.519,0.528,0.464,0.395,0.38,0.36,0.24,0.372,0.472,0.272,0.324,0.348,0.354,0.344,0.284,0.289,0.471,0.536,0.303
I1_D6_Syncom_mfec_1,0.88,0.956,0.801,0.92,0.599,0.151,0.227,0.795,0.261,0.753,0.783,0.35,0.648,0.506,0.79,0.195,0.734,0.754,0.323,0,0.253,0.069,0.086,0.077,0.789,0.802,0.686,0.951,0.548,0.983,0.759,0.88,0.757,0.987,0.802,0.996,0.612,0.882,0.8,0.996,0.996,0.991,0.984,0.994,0.993,0.996,0.994,0.991,0.993,0.25,0.999,1,0.955,0.949,0.93,0.912,0.899,0.965,0.958,0.961,0.947,0.984,0.778,0.871,0.729,0.835,0.789,0.415,0.273,0.263,0.679,0.493,0.134,0.142,0.425,0.152,0.143,0.439,0.679,0.281,0.882,0.538,0.928,0.981,0.997,0.981,0.997,0.986,0.996,0.992,0.997,0.995,0.994,0.995,0.996,0.989,0.998,0.994,0.986,0.989,0.998,0.947,0.888,0.954,1,0.992,0.971,0.992,0.979,0.975,0.955,0.941,0.995,0.995,0.985,0.531,0.459,0.254,0.876,0.261,0.512,0.397,0.642,0.584,0.217,0.159,0.337,0.124,0.148,0.495,0.934,0.668,0.899,0.874,0.951,0.972,0.981,0.984,0.989,0.98,0.979,0.974,0.981,0.976,0.987,0.982,0.981,0.545,0.448,0.819,0.763,0.298,0.451,0.577,0.549,0.715,0.659,0.136,0.247,0.234,0.123,0.799,0.565,0.66,0.232,0.628,0.516,0.916,0.742,0.985,0.987,0.983,0.987,0.989,0.985,0.991,0.987,0.99,0.984,0.952,1,0.998,1,0.951,1,0.96,0.986,0.981,0.99,0.988,0.989,0.997,0.997,0.989,0.996,0.651,0.558,0.575,0.481,0.474,0.549,0.4,0.473,0.572,0.321,0.309,0.218,0.2,0.209,0.196,0.381,0.618,0.665,0.445
I1_D6_Syncom_mfec_2,0.842,0.944,0.804,0.909,0.557,0.337,0.291,0.795,0.32,0.737,0.748,0.331,0.618,0.499,0.68,0.263,0.71,0.687,0.215,0.253,0,0.244,0.208,0.254,0.737,0.685,0.603,0.904,0.507,0.978,0.644,0.884,0.754,0.985,0.788,0.996,0.603,0.858,0.797,0.991,0.989,0.983,0.973,0.989,0.982,0.985,0.987,0.964,0.977,0.313,0.997,0.999,0.901,0.921,0.893,0.871,0.874,0.965,0.915,0.949,0.904,0.984,0.729,0.785,0.687,0.81,0.771,0.319,0.247,0.257,0.643,0.482,0.274,0.317,0.365,0.257,0.32,0.37,0.633,0.275,0.821,0.508,0.909,0.974,0.992,0.976,0.991,0.981,0.985,0.987,0.988,0.977,0.985,0.984,0.99,0.985,0.993,0.994,0.986,0.963,0.955,0.915,0.887,0.949,1,0.97,0.946,0.983,0.967,0.937,0.956,0.938,0.952,0.949,0.933,0.513,0.373,0.197,0.825,0.242,0.497,0.37,0.587,0.542,0.174,0.193,0.233,0.278,0.332,0.462,0.921,0.648,0.875,0.848,0.907,0.954,0.957,0.954,0.97,0.943,0.939,0.951,0.955,0.925,0.969,0.923,0.952,0.445,0.376,0.747,0.678,0.263,0.355,0.468,0.485,0.639,0.593,0.301,0.189,0.238,0.284,0.658,0.493,0.584,0.198,0.546,0.422,0.868,0.686,0.963,0.978,0.959,0.956,0.964,0.948,0.962,0.957,0.955,0.956,0.911,1,0.955,1,0.951,0.999,0.95,0.95,0.938,0.946,0.944,0.944,0.952,0.954,0.949,0.974,0.599,0.527,0.503,0.448,0.397,0.438,0.247,0.449,0.543,0.273,0.197,0.175,0.182,0.241,0.186,0.329,0.531,0.609,0.39
I1_D6_Syncom_mfec_3,0.874,0.947,0.794,0.907,0.597,0.152,0.224,0.793,0.258,0.743,0.773,0.33,0.642,0.5,0.778,0.17,0.714,0.741,0.287,0.069,0.244,0,0.096,0.071,0.786,0.795,0.675,0.928,0.553,0.98,0.734,0.879,0.753,0.984,0.798,0.995,0.608,0.899,0.782,0.989,0.989,0.987,0.976,0.989,0.985,0.987,0.992,0.981,0.982,0.251,0.996,0.997,0.953,0.964,0.927,0.909,0.911,0.966,0.955,0.958,0.947,0.984,0.786,0.875,0.746,0.84,0.8,0.417,0.274,0.251,0.67,0.486,0.152,0.138,0.441,0.149,0.145,0.426,0.679,0.278,0.876,0.511,0.938,0.972,0.987,0.971,0.988,0.975,0.986,0.983,0.986,0.984,0.986,0.984,0.986,0.985,0.989,0.991,0.985,0.982,0.994,0.943,0.886,0.946,0.997,0.981,0.972,0.974,0.976,0.979,0.958,0.925,0.992,0.988,0.974,0.5,0.442,0.215,0.854,0.245,0.509,0.346,0.617,0.56,0.221,0.153,0.326,0.12,0.147,0.448,0.901,0.638,0.864,0.867,0.942,0.967,0.972,0.97,0.974,0.966,0.964,0.966,0.972,0.97,0.972,0.97,0.97,0.534,0.433,0.809,0.744,0.279,0.435,0.583,0.549,0.711,0.661,0.138,0.247,0.23,0.12,0.791,0.562,0.643,0.227,0.611,0.491,0.906,0.727,0.975,0.975,0.972,0.969,0.978,0.973,0.975,0.973,0.976,0.969,0.948,0.999,0.995,1,0.95,0.999,0.97,0.972,0.971,0.978,0.975,0.981,0.993,0.994,0.984,0.993,0.627,0.533,0.554,0.463,0.453,0.533,0.377,0.453,0.562,0.308,0.323,0.224,0.217,0.219,0.167,0.366,0.613,0.655,0.415
I1_D6_Syncom_mfec_4,0.889,0.962,0.82,0.925,0.6,0.16,0.227,0.795,0.261,0.759,0.789,0.372,0.662,0.53,0.743,0.205,0.733,0.725,0.319,0.086,0.208,0.096,0,0.097,0.778,0.801,0.646,0.964,0.557,0.983,0.701,0.885,0.757,0.987,0.802,0.996,0.616,0.88,0.801,0.996,0.996,0.997,0.991,0.998,0.992,0.993,0.996,0.995,0.995,0.251,0.999,0.999,0.966,0.969,0.941,0.926,0.916,0.966,0.958,0.962,0.953,0.984,0.771,0.867,0.706,0.812,0.791,0.354,0.265,0.276,0.68,0.496,0.137,0.148,0.405,0.09,0.156,0.437,0.667,0.296,0.886,0.536,0.928,0.98,0.995,0.981,0.996,0.993,0.995,0.994,0.995,0.994,0.994,0.994,0.995,0.997,0.997,0.993,0.986,0.994,0.998,0.955,0.888,0.959,0.999,0.995,0.974,0.995,0.984,0.976,0.955,0.953,0.995,0.994,0.985,0.552,0.439,0.244,0.879,0.279,0.529,0.415,0.654,0.599,0.156,0.092,0.27,0.113,0.155,0.505,0.941,0.692,0.885,0.876,0.953,0.978,0.985,0.985,0.986,0.983,0.979,0.979,0.98,0.976,0.984,0.985,0.98,0.538,0.435,0.825,0.78,0.301,0.425,0.589,0.57,0.732,0.679,0.145,0.185,0.187,0.11,0.742,0.581,0.686,0.258,0.661,0.526,0.916,0.743,0.991,0.989,0.99,0.985,0.99,0.99,0.986,0.987,0.986,0.985,0.953,1,0.998,1,0.951,1,0.968,0.993,0.992,0.994,0.994,0.992,0.997,0.997,0.994,0.996,0.671,0.568,0.553,0.508,0.461,0.551,0.382,0.491,0.586,0.317,0.243,0.147,0.13,0.151,0.204,0.403,0.585,0.668,0.462
I1_D6_Syncom_mfec_5,0.88,0.959,0.805,0.921,0.597,0.103,0.225,0.794,0.259,0.773,0.804,0.375,0.674,0.532,0.811,0.193,0.748,0.774,0.318,0.077,0.254,0.071,0.097,0,0.818,0.825,0.708,0.954,0.582,0.981,0.747,0.882,0.755,0.985,0.799,0.993,0.614,0.897,0.8,0.997,0.997,0.998,0.99,0.999,0.997,0.997,0.995,0.994,0.994,0.251,0.999,1,0.962,0.972,0.935,0.919,0.926,0.966,0.956,0.958,0.948,0.984,0.793,0.884,0.758,0.85,0.809,0.432,0.29,0.271,0.697,0.51,0.155,0.09,0.45,0.096,0.098,0.456,0.698,0.303,0.896,0.536,0.943,0.981,0.999,0.982,0.998,0.993,0.996,0.992,0.998,0.996,0.995,0.995,0.999,0.997,0.999,0.994,0.986,0.991,0.996,0.945,0.887,0.954,1,0.993,0.98,0.993,0.982,0.986,0.956,0.938,0.993,0.992,0.981,0.554,0.493,0.261,0.888,0.281,0.538,0.395,0.65,0.598,0.217,0.154,0.33,0.072,0.099,0.485,0.934,0.679,0.891,0.877,0.95,0.974,0.98,0.986,0.985,0.982,0.978,0.977,0.981,0.98,0.985,0.982,0.982,0.563,0.476,0.84,0.777,0.315,0.455,0.61,0.583,0.736,0.692,0.086,0.25,0.231,0.065,0.798,0.597,0.683,0.255,0.646,0.531,0.915,0.743,0.989,0.993,0.989,0.988,0.993,0.989,0.991,0.99,0.992,0.988,0.952,1,0.996,1,0.951,0.997,0.98,0.988,0.986,0.99,0.988,0.987,0.995,0.995,0.989,0.994,0.663,0.558,0.602,0.508,0.495,0.575,0.421,0.495,0.594,0.348,0.324,0.218,0.209,0.217,0.196,0.415,0.648,0.688,0.458
I1_D6_Syncom_min7_1,0.857,0.803,0.714,0.768,0.83,0.871,0.825,0.875,0.854,0.29,0.364,0.546,0.398,0.405,0.336,0.735,0.387,0.335,0.63,0.789,0.737,0.786,0.778,0.818,0,0.297,0.41,0.533,0.43,0.969,0.788,0.841,0.859,0.976,0.847,0.987,0.839,0.818,0.819,0.976,0.982,0.974,0.957,0.985,0.987,0.982,0.993,0.966,0.972,0.855,0.988,0.98,0.901,0.865,0.805,0.843,0.793,0.974,0.919,0.963,0.931,0.984,0.598,0.719,0.571,0.58,0.715,0.532,0.572,0.613,0.44,0.514,0.76,0.854,0.669,0.839,0.858,0.497,0.459,0.645,0.56,0.603,0.878,0.958,0.935,0.922,0.935,0.92,0.932,0.934,0.935,0.935,0.932,0.929,0.939,0.928,0.942,0.99,0.985,0.933,0.957,0.945,0.878,0.849,0.996,0.95,0.892,0.946,0.944,0.896,0.973,0.967,0.954,0.948,0.91,0.609,0.5,0.721,0.493,0.766,0.439,0.628,0.4,0.474,0.767,0.812,0.794,0.815,0.868,0.52,0.611,0.477,0.531,0.851,0.89,0.955,0.937,0.937,0.958,0.92,0.909,0.914,0.932,0.899,0.96,0.916,0.942,0.445,0.516,0.464,0.511,0.561,0.707,0.591,0.592,0.687,0.621,0.835,0.767,0.787,0.831,0.749,0.574,0.517,0.731,0.516,0.592,0.848,0.8,0.957,0.952,0.945,0.943,0.958,0.937,0.949,0.939,0.946,0.932,0.876,1,0.957,1,0.951,0.993,0.813,0.799,0.876,0.823,0.842,0.936,0.952,0.956,0.942,0.972,0.444,0.773,0.462,0.535,0.493,0.489,0.601,0.564,0.591,0.602,0.726,0.763,0.745,0.756,0.752,0.568,0.501,0.509,0.553
I1_D6_Syncom_min7_2,0.85,0.793,0.705,0.755,0.85,0.893,0.847,0.896,0.875,0.281,0.321,0.529,0.314,0.375,0.354,0.743,0.362,0.312,0.557,0.802,0.685,0.795,0.801,0.825,0.297,0,0.42,0.532,0.41,0.976,0.819,0.851,0.889,0.984,0.876,0.988,0.869,0.824,0.85,0.986,0.986,0.984,0.965,0.985,0.986,0.982,0.994,0.968,0.977,0.866,0.996,0.98,0.883,0.852,0.792,0.814,0.787,0.967,0.915,0.951,0.915,0.984,0.617,0.613,0.617,0.678,0.72,0.596,0.625,0.644,0.461,0.59,0.76,0.877,0.697,0.873,0.881,0.621,0.555,0.69,0.672,0.659,0.886,0.967,0.938,0.93,0.939,0.925,0.938,0.94,0.941,0.94,0.938,0.936,0.946,0.933,0.948,0.985,0.983,0.924,0.954,0.933,0.886,0.85,0.993,0.931,0.879,0.934,0.932,0.886,0.961,0.952,0.951,0.945,0.898,0.581,0.519,0.743,0.458,0.775,0.43,0.605,0.377,0.489,0.801,0.835,0.817,0.839,0.89,0.498,0.524,0.451,0.498,0.844,0.889,0.95,0.95,0.932,0.957,0.911,0.909,0.921,0.937,0.904,0.959,0.904,0.937,0.477,0.539,0.389,0.417,0.606,0.679,0.48,0.501,0.606,0.517,0.858,0.799,0.821,0.843,0.779,0.492,0.451,0.679,0.461,0.567,0.854,0.828,0.964,0.96,0.954,0.948,0.965,0.949,0.957,0.947,0.953,0.939,0.88,0.999,0.955,1,0.95,0.983,0.803,0.78,0.87,0.809,0.832,0.934,0.95,0.954,0.939,0.972,0.436,0.8,0.447,0.531,0.485,0.423,0.544,0.517,0.569,0.621,0.734,0.791,0.777,0.764,0.753,0.569,0.49,0.508,0.52
I1_D6_Syncom_min7_3,0.866,0.866,0.755,0.821,0.75,0.776,0.742,0.795,0.759,0.45,0.535,0.429,0.332,0.396,0.426,0.626,0.337,0.324,0.537,0.686,0.603,0.675,0.646,0.708,0.41,0.42,0,0.748,0.32,0.978,0.699,0.85,0.773,0.978,0.785,0.99,0.753,0.841,0.768,0.968,0.98,0.965,0.95,0.984,0.984,0.979,0.991,0.964,0.971,0.752,0.997,0.993,0.909,0.882,0.819,0.839,0.806,0.967,0.931,0.949,0.922,0.984,0.422,0.584,0.348,0.546,0.67,0.37,0.452,0.479,0.255,0.403,0.643,0.76,0.558,0.721,0.764,0.471,0.407,0.533,0.645,0.497,0.888,0.95,0.882,0.858,0.871,0.851,0.865,0.868,0.87,0.869,0.895,0.863,0.873,0.864,0.87,0.985,0.984,0.936,0.971,0.937,0.887,0.876,0.993,0.948,0.905,0.945,0.939,0.918,0.959,0.954,0.968,0.963,0.929,0.498,0.384,0.601,0.583,0.656,0.41,0.489,0.413,0.49,0.665,0.68,0.662,0.719,0.773,0.544,0.763,0.527,0.645,0.851,0.901,0.95,0.929,0.932,0.948,0.902,0.912,0.914,0.924,0.912,0.95,0.911,0.931,0.342,0.411,0.574,0.558,0.457,0.577,0.479,0.382,0.614,0.516,0.741,0.67,0.694,0.723,0.699,0.499,0.489,0.549,0.479,0.509,0.87,0.729,0.953,0.947,0.94,0.937,0.951,0.936,0.949,0.939,0.944,0.931,0.912,0.999,0.972,1,0.951,0.999,0.813,0.872,0.889,0.887,0.899,0.954,0.969,0.971,0.96,0.972,0.496,0.686,0.329,0.379,0.378,0.456,0.496,0.388,0.445,0.459,0.596,0.655,0.641,0.527,0.648,0.506,0.451,0.451,0.493
I1_D6_Syncom_min7_4,0.922,0.522,0.57,0.568,0.932,0.977,0.937,0.977,0.964,0.414,0.514,0.771,0.58,0.625,0.608,0.86,0.545,0.642,0.784,0.951,0.904,0.928,0.964,0.954,0.533,0.532,0.748,0,0.684,0.98,0.948,0.938,0.97,0.983,0.948,0.992,0.965,0.93,0.942,0.998,0.997,0.998,0.984,0.997,0.998,0.998,0.998,0.982,0.991,0.953,0.996,0.911,0.91,0.789,0.774,0.774,0.8,0.989,0.932,0.98,0.946,0.995,0.914,0.914,0.91,0.931,0.917,0.898,0.907,0.896,0.772,0.864,0.929,0.969,0.888,0.98,0.968,0.84,0.805,0.897,0.851,0.855,0.925,0.98,0.958,0.947,0.958,0.946,0.958,0.961,0.96,0.96,0.947,0.951,0.965,0.962,0.965,0.984,0.982,0.906,0.953,0.957,0.972,0.788,0.961,0.859,0.814,0.833,0.829,0.835,0.993,0.977,0.95,0.949,0.839,0.778,0.767,0.891,0.456,0.923,0.648,0.805,0.515,0.657,0.929,0.969,0.956,0.959,0.977,0.624,0.53,0.445,0.607,0.953,0.93,0.967,0.95,0.942,0.958,0.944,0.92,0.936,0.955,0.915,0.963,0.928,0.95,0.793,0.798,0.626,0.693,0.859,0.896,0.844,0.818,0.872,0.839,0.953,0.928,0.933,0.973,0.902,0.784,0.726,0.908,0.709,0.811,0.91,0.903,0.966,0.966,0.954,0.965,0.967,0.958,0.971,0.961,0.97,0.953,0.898,0.998,0.955,0.998,0.981,0.965,0.772,0.647,0.799,0.759,0.801,0.94,0.952,0.955,0.942,0.974,0.537,0.899,0.713,0.769,0.704,0.703,0.795,0.74,0.774,0.849,0.926,0.931,0.932,0.959,0.892,0.768,0.672,0.684,0.749
